	patA__Streptococcus_pneumoniae_TIGR4_	mefA__Exiguobacterium_sp__S3-2_	rpsJ__Neisseria_gonorrhoeae_FA_1090_	tetB(60)__uncultured_bacterium_	ErmB__Enterococcus_faecium_	Escherichia_coli_EF-Tu_mutants_conferring_resistance_to_Pulvomycin__Escherichia_coli_CFT073_	tetA(60)__uncultured_bacterium_	Haemophilus_parainfluenzae_gyrA_conferring_resistance_to_fluoroquinolones__Haemophilus_parainfluenzae_	tetB(46)__Streptococcus_australis_	ErmF__Bacteroides_fragilis_	CfxA6__uncultured_organism_	tetA(46)__Streptococcus_australis_	Planobispora_rosea_EF-Tu_mutants_conferring_resistance_to_inhibitor_GE2270A__Planobispora_rosea_	Haemophilus_parainfluenzae_parC_conferring_resistance_to_fluoroquinolones__Haemophilus_parainfluenzae_	Streptococcus_mitis_CdsA_with_mutation_conferring_daptomycin_resistance__Streptococcus_oralis_	msbA__Escherichia_coli_str__K-12_substr__MG1655_	oqxB__Escherichia_coli_	tetO__Campylobacter_jejuni_	Escherichia_coli_gyrB_conferring_resistance_to_aminocoumarin__Escherichia_coli_str__K-12_substr__W3110_	patB__Streptococcus_pneumoniae_TIGR4_	CRP__Escherichia_coli_str__K-12_substr__W3110_	bacA__Escherichia_coli_str__K-12_substr__MG1655_	Escherichia_coli_PtsI_with_mutation_conferring_resistance_to_fosfomycin__Escherichia_coli_str__K-12_substr__MC4100_	tet(B)__Gram-negative_bacterium_TC71_	emrR__Escherichia_coli_str__K-12_substr__MG1655_	lsaC__Streptococcus_agalactiae_	mel__Bacteria_	ErmX__Corynebacterium_striatum_	vgaC__Enterobacter_cloacae_	Klebsiella_mutant_PhoP_conferring_antibiotic_resistance_to_colistin__Klebsiella_pneumoniae_	Escherichia_coli_parC_conferring_resistance_to_fluoroquinolone__Escherichia_coli_str__K-12_substr__MG1655_	antibiotic_resistant_fabI__Escherichia_coli_str__K-12_substr__MG1655_	ACT-35__Enterobacter_cloacae_	marA__Escherichia_coli_str__K-12_substr__W3110_	LpxC__Acinetobacter_baumannii_	smeD__Stenotrophomonas_maltophilia_	smeF__Stenotrophomonas_maltophilia_	Escherichia_coli_parE_conferring_resistance_to_fluoroquinolones__Proteobacteria_	Escherichia_coli_UhpT_with_mutation_conferring_resistance_to_fosfomycin__Escherichia_coli_str__K-12_substr__MC4100_	smeR__Stenotrophomonas_maltophilia_	OXY-6-3__Klebsiella_oxytoca_	smeB__Stenotrophomonas_maltophilia_	smeC__Stenotrophomonas_maltophilia_	APH(6)-Id__Pseudomonas_aeruginosa_	APH(3__)-Ib__Pseudomonas_aeruginosa_	TEM-126__Escherichia_coli_	smeA__Stenotrophomonas_maltophilia_	smeS__Stenotrophomonas_maltophilia_	OprM__Pseudomonas_aeruginosa_PAO1_	MexT__Pseudomonas_aeruginosa_PAO1_	Pseudomonas_aeruginosa_gyrA_conferring_resistance_to_fluoroquinolones__Pseudomonas_aeruginosa_PAO1_	nalD__Pseudomonas_aeruginosa_PAO1_	Escherichia_coli_CyaA_with_mutation_conferring_resistance_to_fosfomycin__Escherichia_coli_str__K-12_substr__MC4100_	MexB__Pseudomonas_aeruginosa_	adeL__Acinetobacter_baumannii_	MuxB__Pseudomonas_aeruginosa_PAO1_	antibiotic_resistant_fabG__Escherichia_coli_str__K-12_substr__MG1655_	sul1__Vibrio_fluvialis_	cpxA__Escherichia_coli_O157_H7_str__Sakai_	MexC__Pseudomonas_aeruginosa_	mexK__Pseudomonas_aeruginosa_PAO1_	mexV__Pseudomonas_aeruginosa_PAO1_	OXA-50__Pseudomonas_aeruginosa_	PDC-8__Pseudomonas_aeruginosa_	MexS__Pseudomonas_aeruginosa_PAK_	basS__Pseudomonas_aeruginosa_	FosA5__Escherichia_coli_	mexY__Pseudomonas_aeruginosa_PAO1_	opmE__Pseudomonas_aeruginosa_	APH(3_)-IIb__Pseudomonas_aeruginosa_	smeE__Stenotrophomonas_maltophilia_	adeG__Acinetobacter_baumannii_AYE_	TriA__Pseudomonas_aeruginosa_PAO1_	TriB__Pseudomonas_aeruginosa_PAO1_	TriC__Pseudomonas_aeruginosa_PAO1_	Pseudomonas_mutant_PhoQ_conferring_resistance_to_colistin__Pseudomonas_aeruginosa_PAO1_	mexZ__Pseudomonas_aeruginosa_PAO1_	Pseudomonas_aeruginosa_soxR__Pseudomonas_aeruginosa_PAO1_	MuxA__Pseudomonas_aeruginosa_PAO1_	arnA__Pseudomonas_aeruginosa_PAO1_	mexJ__Pseudomonas_aeruginosa_PAO1_	mexL__Pseudomonas_aeruginosa_PAO1_	nalC__Pseudomonas_aeruginosa_PAO1_	Type_A_NfxB__Pseudomonas_aeruginosa_PAO1_	Pseudomonas_aeruginosa_emrE__Pseudomonas_aeruginosa_PAO1_	Klebsiella_pneumoniae_OmpK35__Klebsiella_pneumoniae_subsp__pneumoniae_HS11286_
patA__Streptococcus_pneumoniae_TIGR4_	0.0	0.741336621328	0.697391473011	0.551704647084	0.824063293853	0.696594502223	0.669752118628	0.824460263917	0.658969759293	0.745898566266	0.853410199109	0.645261572298	0.790015180436	0.801276405835	0.828648560997	0.748815043449	0.804944209544	0.760520254509	0.706396365177	0.692720384523	0.773468673156	0.81324512929	0.811422436132	0.801276405835	0.792056663154	0.828166576662	0.745099431088	0.811862399812	0.815806453192	0.838362353266	0.779823989572	0.859346663927	0.826581269638	0.869038432419	0.848013861609	0.82072256746	0.806687945581	0.85790591422	0.82789201768	0.813226760021	0.869499172159	0.799243171276	0.799243171276	0.797516890015	0.811103866245	0.801276405835	0.747047505286	0.747047505286	0.747047505286	0.747047505286	0.700038388709	0.646732365101	0.820786374748	0.755926853234	0.685850671921	0.779754154163	0.804830828218	0.780870260052	0.780870260052	0.780870260052	0.780870260052	0.780870260052	0.780870260052	0.796531462892	0.780870260052	0.780870260052	0.820935878728	0.780870260052	0.780870260052	0.796531462892	0.780870260052	0.796531462892	0.780870260052	0.780870260052	0.780870260052	0.780870260052	0.780870260052	0.780870260052	0.780870260052	0.764566083202	0.780870260052	0.780870260052	0.780870260052	0.780870260052	0.780870260052	0.784972228984
mefA__Exiguobacterium_sp__S3-2_	0.741336621328	0.0	0.793961409357	0.701766113606	0.744697458814	0.679033582387	0.765721033647	0.722527662546	0.730006489316	0.776768418826	0.833105643542	0.700586927424	0.840522155684	0.803547146167	0.790473729339	0.757145112353	0.747547958604	0.891817923827	0.748131663452	0.76842810779	0.692384284351	0.771222806051	0.701629954824	0.810695221615	0.825323621769	0.803547146167	0.829518147277	0.794577346507	0.781609654715	0.814699769214	0.863797964381	0.884285069348	0.807613826131	0.807613826131	0.808254791901	0.68594058957	0.68594058957	0.715524547327	0.79733493418	0.728011460103	0.824412375199	0.757108250606	0.757108250606	0.765751836873	0.765751836873	0.826177469736	0.784374378399	0.784374378399	0.784374378399	0.771844777573	0.784374378399	0.784374378399	0.81113042118	0.81113042118	0.81113042118	0.786682116302	0.797147256017	0.797996816786	0.843154949973	0.843154949973	0.843154949973	0.843154949973	0.843154949973	0.843154949973	0.843154949973	0.843154949973	0.810059594629	0.843154949973	0.843154949973	0.843154949973	0.843154949973	0.843154949973	0.843154949973	0.843154949973	0.843154949973	0.843154949973	0.843154949973	0.843154949973	0.843154949973	0.821092733757	0.843154949973	0.843154949973	0.843154949973	0.843154949973	0.843154949973	0.781878941679
rpsJ__Neisseria_gonorrhoeae_FA_1090_	0.697391473011	0.793961409357	0.0	0.801717735302	0.8495862711	0.826221303891	0.788900337819	0.686557199734	0.687837669543	0.714754484186	0.886136587847	0.735447543965	0.831291934924	0.802446001231	0.803684103639	0.89891704408	0.872388017801	0.82722538835	0.781069971571	0.817157335278	0.782811320205	0.867362692467	0.815711128995	0.71909716124	0.84294172237	0.821827391595	0.835930189305	0.813231988064	0.84094734775	0.864804334295	0.914302620596	0.914302620596	0.910710125909	0.874654027198	0.891200068698	0.895614247073	0.840578721212	0.88755795139	0.896226305245	0.829702951412	0.929891595334	0.777310792107	0.777310792107	0.80585428499	0.80585428499	0.868777120186	0.813060716425	0.813060716425	0.851950699183	0.819742551001	0.778638638151	0.813060716425	0.897028761045	0.815211736536	0.861084131851	0.861084131851	0.897028761045	0.868777120186	0.868777120186	0.868777120186	0.868777120186	0.868777120186	0.868777120186	0.868777120186	0.868777120186	0.868777120186	0.913057122898	0.868777120186	0.868777120186	0.868777120186	0.868777120186	0.868777120186	0.868777120186	0.868777120186	0.868777120186	0.868777120186	0.868777120186	0.868777120186	0.868777120186	0.868777120186	0.868777120186	0.868777120186	0.868777120186	0.868777120186	0.868777120186	0.913057122898
tetB(60)__uncultured_bacterium_	0.551704647084	0.701766113606	0.801717735302	0.0	0.736418558688	0.756878930515	0.644617033965	0.855825672982	0.47264098187	0.692812932276	0.840210127676	0.702302524479	0.715889621989	0.744388373152	0.831871326825	0.785103766867	0.858681263815	0.77806763427	0.843636723304	0.69866552531	0.806894085822	0.828325540416	0.87364624863	0.744388373152	0.87891927215	0.813231988064	0.702624127023	0.802446001231	0.862374086904	0.856894418032	0.83067065254	0.863617822772	0.882434812438	0.839745165887	0.853867256718	0.853867256718	0.853867256718	0.840578721212	0.904644604861	0.863801396023	0.890845932974	0.865081877638	0.865081877638	0.80585428499	0.84426968325	0.821827391595	0.851950699183	0.851950699183	0.851950699183	0.851950699183	0.778333441853	0.836884129732	0.897028761045	0.84426968325	0.897028761045	0.897028761045	0.861084131851	0.868777120186	0.913057122898	0.913057122898	0.913057122898	0.913057122898	0.913057122898	0.913057122898	0.913057122898	0.913057122898	0.868777120186	0.913057122898	0.913057122898	0.913057122898	0.913057122898	0.913057122898	0.913057122898	0.913057122898	0.913057122898	0.913057122898	0.913057122898	0.913057122898	0.913057122898	0.913057122898	0.913057122898	0.913057122898	0.913057122898	0.913057122898	0.913057122898	0.821827391595
ErmB__Enterococcus_faecium_	0.824063293853	0.744697458814	0.8495862711	0.736418558688	0.0	0.805664059688	0.779321570998	0.765661160604	0.828555122853	0.687498032979	0.74980361652	0.776426983176	0.861344698963	0.800396953873	0.834288035749	0.875620674354	0.876282479186	0.928133598744	0.797439368868	0.833144409063	0.854633775336	0.892566535247	0.862703217138	0.724393206342	0.872694297932	0.735552057228	0.855676469016	0.735552057228	0.919929347511	0.898203264707	0.932497660554	0.918434296595	0.907531438116	0.863366040214	0.864201644279	0.864201644279	0.864201644279	0.852823231892	0.900771319201	0.881353214975	0.898068319433	0.89768442977	0.89768442977	0.852069377468	0.852069377468	0.925247333353	0.84749568626	0.84749568626	0.84749568626	0.809736543721	0.794149133457	0.84749568626	0.77725986069	0.77725986069	0.852069377468	0.852069377468	0.807674697019	0.854023842618	0.854023842618	0.925247333353	0.925247333353	0.925247333353	0.925247333353	0.854023842618	0.925247333353	0.925247333353	0.800396953873	0.925247333353	0.925247333353	0.854023842618	0.925247333353	0.854023842618	0.925247333353	0.925247333353	0.925247333353	0.925247333353	0.925247333353	0.925247333353	0.925247333353	0.925247333353	0.925247333353	0.925247333353	0.925247333353	0.925247333353	0.925247333353	0.874075234149
Escherichia_coli_EF-Tu_mutants_conferring_resistance_to_Pulvomycin__Escherichia_coli_CFT073_	0.696594502223	0.679033582387	0.826221303891	0.756878930515	0.805664059688	0.0	0.801206074265	0.799904599664	0.814012526207	0.791243851988	0.860912436517	0.757710493371	0.853410199109	0.808507103769	0.891664674732	0.632785580564	0.688950034858	0.703120654413	0.699321265147	0.763071103284	0.53667139434	0.690131032212	0.754867805203	0.801276405835	0.769209737594	0.801276405835	0.765431885226	0.843827779502	0.750793271157	0.829753171592	0.748516020127	0.739957806559	0.85774076835	0.84893835085	0.766440746147	0.68650405402	0.68650405402	0.788939991298	0.797434314403	0.72924964501	0.773245417987	0.72787075673	0.72787075673	0.811103866245	0.783372097588	0.784972228984	0.701294789779	0.701294789779	0.715901575348	0.738061669017	0.778193435224	0.766018839086	0.760043358692	0.791243851988	0.766316396719	0.760043358692	0.733155930533	0.784972228984	0.801276405835	0.801276405835	0.801276405835	0.801276405835	0.801276405835	0.801276405835	0.801276405835	0.801276405835	0.801276405835	0.801276405835	0.801276405835	0.801276405835	0.801276405835	0.792202926919	0.801276405835	0.801276405835	0.801276405835	0.801276405835	0.801276405835	0.801276405835	0.801276405835	0.828166576662	0.801276405835	0.801276405835	0.801276405835	0.801276405835	0.801276405835	0.828166576662
tetA(60)__uncultured_bacterium_	0.669752118628	0.765721033647	0.788900337819	0.644617033965	0.779321570998	0.801206074265	0.0	0.780676348243	0.646537959472	0.714754484186	0.754343330029	0.640649202453	0.771294688395	0.744388373152	0.790366011688	0.858681263815	0.929492106715	0.605513444261	0.798511513592	0.552271418933	0.850968321418	0.887103904339	0.85018615734	0.763769763516	0.923715369024	0.849395729822	0.776814366342	0.802446001231	0.855326241453	0.895562755736	0.843116944872	0.913681282813	0.882434812438	0.839745165887	0.853867256718	0.839390861192	0.839390861192	0.840578721212	0.904644604861	0.848674513932	0.823726033107	0.849056735226	0.849056735226	0.861084131851	0.861084131851	0.802446001231	0.836884129732	0.836884129732	0.851950699183	0.851950699183	0.819742551001	0.819742551001	0.897028761045	0.861084131851	0.861084131851	0.897028761045	0.84426968325	0.868777120186	0.913057122898	0.913057122898	0.913057122898	0.913057122898	0.913057122898	0.913057122898	0.913057122898	0.913057122898	0.849395729822	0.913057122898	0.913057122898	0.913057122898	0.913057122898	0.913057122898	0.913057122898	0.913057122898	0.913057122898	0.913057122898	0.913057122898	0.913057122898	0.913057122898	0.913057122898	0.913057122898	0.913057122898	0.913057122898	0.913057122898	0.913057122898	0.849395729822
Haemophilus_parainfluenzae_gyrA_conferring_resistance_to_fluoroquinolones__Haemophilus_parainfluenzae_	0.824460263917	0.722527662546	0.686557199734	0.855825672982	0.765661160604	0.799904599664	0.780676348243	0.0	0.790154441085	0.641715983779	0.586081413085	0.669311052781	0.674657895412	0.680136991272	0.873841988058	0.854057243876	0.861982884986	0.823187542438	0.77246357486	0.858245862004	0.790177199855	0.896845732374	0.747768992682	0.7089359994	0.888932973542	0.853595436335	0.755930586272	0.599599121688	0.835322727731	0.879354218815	0.861821899859	0.835299905588	0.895644866096	0.90450481706	0.866023358632	0.866023358632	0.866023358632	0.910028596928	0.911072541491	0.880353942541	0.935224577096	0.893783665695	0.893783665695	0.875375614519	0.875375614519	0.853595436335	0.918569168941	0.918569168941	0.855529019947	0.87268526606	0.87268526606	0.918569168941	0.928803056433	0.928803056433	0.928803056433	0.928803056433	0.761373160626	0.939680215057	0.939680215057	0.939680215057	0.939680215057	0.939680215057	0.939680215057	0.939680215057	0.939680215057	0.939680215057	0.744258558622	0.939680215057	0.939680215057	0.939680215057	0.939680215057	0.939680215057	0.939680215057	0.939680215057	0.939680215057	0.939680215057	0.939680215057	0.939680215057	0.939680215057	0.939680215057	0.939680215057	0.939680215057	0.939680215057	0.939680215057	0.939680215057	0.744258558622
tetB(46)__Streptococcus_australis_	0.658969759293	0.730006489316	0.687837669543	0.47264098187	0.828555122853	0.814012526207	0.646537959472	0.790154441085	0.0	0.714754484186	0.819298559152	0.544265913531	0.713446408933	0.744388373152	0.857710720127	0.872388017801	0.937584179428	0.843994442069	0.800751521297	0.645402065175	0.833435992975	0.884263213089	0.85018615734	0.744388373152	0.87891927215	0.813231988064	0.725717925572	0.802446001231	0.884516486315	0.825773357308	0.895942887074	0.879283744607	0.874654027198	0.874654027198	0.839390861192	0.853867256718	0.853867256718	0.876723673172	0.896226305245	0.863801396023	0.937033332331	0.865081877638	0.865081877638	0.861084131851	0.861084131851	0.802446001231	0.851950699183	0.851950699183	0.836884129732	0.851950699183	0.80467598155	0.836884129732	0.897028761045	0.84426968325	0.897028761045	0.897028761045	0.84426968325	0.849395729822	0.913057122898	0.913057122898	0.913057122898	0.913057122898	0.913057122898	0.913057122898	0.913057122898	0.913057122898	0.849395729822	0.913057122898	0.913057122898	0.913057122898	0.913057122898	0.913057122898	0.913057122898	0.913057122898	0.913057122898	0.913057122898	0.913057122898	0.913057122898	0.913057122898	0.913057122898	0.913057122898	0.913057122898	0.913057122898	0.913057122898	0.913057122898	0.849395729822
ErmF__Bacteroides_fragilis_	0.745898566266	0.776768418826	0.714754484186	0.692812932276	0.687498032979	0.791243851988	0.714754484186	0.641715983779	0.714754484186	0.0	0.573051565104	0.6647979769	0.573051565104	0.415398472954	0.615429783524	0.847049423473	0.807280024741	0.738790462481	0.885611041798	0.561189547309	0.860564099315	0.858054502268	0.904624738107	0.415398472954	0.917996976818	0.696127437394	0.656292738639	0.696127437394	0.856229064974	0.875375614519	0.932026813096	0.872415396446	0.938387155213	0.938387155213	0.944431686668	0.944431686668	0.944431686668	0.944431686668	0.950178034187	0.950178034187	0.950178034187	0.955608295815	0.955608295815	0.73057560535	0.73057560535	0.974550998085	0.965851798311	0.965851798311	0.965851798311	0.965851798311	0.753201488664	0.965851798311	0.970049560423	0.970049560423	0.970049560423	0.970049560423	0.970049560423	0.974550998085	0.974550998085	0.974550998085	0.974550998085	0.974550998085	0.974550998085	0.974550998085	0.974550998085	0.974550998085	0.974550998085	0.974550998085	0.974550998085	0.974550998085	0.974550998085	0.974550998085	0.974550998085	0.974550998085	0.974550998085	0.974550998085	0.974550998085	0.974550998085	0.974550998085	0.974550998085	0.974550998085	0.974550998085	0.974550998085	0.974550998085	0.974550998085	0.974550998085
CfxA6__uncultured_organism_	0.853410199109	0.833105643542	0.886136587847	0.840210127676	0.74980361652	0.860912436517	0.754343330029	0.586081413085	0.819298559152	0.573051565104	0.0	0.759683921711	0.793488886604	0.514241616087	0.920244144345	0.817521529344	0.855177716825	0.866069067806	0.90338153027	0.838153239427	0.888365387104	0.912929457829	0.905248535954	0.662143150493	0.922658575147	0.839950059035	0.874423571366	0.662143150493	0.920205573259	0.944017497891	0.951498341004	0.885998821423	0.908286974367	0.908286974367	0.917366105946	0.917366105946	0.917366105946	0.917366105946	0.925979041027	0.925979041027	0.930343770119	0.934102868133	0.934102868133	0.851592307875	0.851592307875	0.839950059035	0.949348964642	0.949348964642	0.85813840095	0.949348964642	0.949348964642	0.949348964642	0.955608295815	0.955608295815	0.955608295815	0.955608295815	0.851592307875	0.962306403228	0.962306403228	0.962306403228	0.962306403228	0.962306403228	0.962306403228	0.962306403228	0.962306403228	0.962306403228	0.839950059035	0.962306403228	0.962306403228	0.962306403228	0.962306403228	0.962306403228	0.962306403228	0.962306403228	0.962306403228	0.962306403228	0.962306403228	0.962306403228	0.962306403228	0.962306403228	0.962306403228	0.962306403228	0.962306403228	0.962306403228	0.962306403228	0.839950059035
tetA(46)__Streptococcus_australis_	0.645261572298	0.700586927424	0.735447543965	0.702302524479	0.776426983176	0.757710493371	0.640649202453	0.669311052781	0.544265913531	0.6647979769	0.759683921711	0.0	0.633812091467	0.709386545733	0.866211191088	0.858169240023	0.84204402625	0.75847669722	0.864748311879	0.629305977572	0.822730670956	0.91655206942	0.857522719568	0.724393206342	0.877892439676	0.854023842618	0.722400794041	0.780345562342	0.823338665153	0.850507040571	0.939137287021	0.829223116791	0.899645477235	0.899645477235	0.879178478716	0.879178478716	0.879178478716	0.864201644279	0.869640743302	0.885290551173	0.931066875532	0.88274877812	0.88274877812	0.817355629148	0.817355629148	0.800396953873	0.863083096524	0.863083096524	0.84749568626	0.84749568626	0.84749568626	0.898695122071	0.911604686621	0.911604686621	0.911604686621	0.911604686621	0.852069377468	0.925247333353	0.925247333353	0.925247333353	0.925247333353	0.925247333353	0.925247333353	0.925247333353	0.925247333353	0.925247333353	0.854023842618	0.925247333353	0.925247333353	0.925247333353	0.925247333353	0.925247333353	0.925247333353	0.925247333353	0.925247333353	0.925247333353	0.925247333353	0.925247333353	0.925247333353	0.925247333353	0.925247333353	0.925247333353	0.925247333353	0.925247333353	0.925247333353	0.854023842618
Planobispora_rosea_EF-Tu_mutants_conferring_resistance_to_inhibitor_GE2270A__Planobispora_rosea_	0.790015180436	0.840522155684	0.831291934924	0.715889621989	0.861344698963	0.853410199109	0.771294688395	0.674657895412	0.713446408933	0.573051565104	0.793488886604	0.633812091467	0.0	0.694327121524	0.945803076912	0.916430079389	0.916430079389	0.799518482116	0.893561751225	0.751404248686	0.857957166433	0.881290094099	0.867108335997	0.694327121524	0.936940081912	0.839950059035	0.754423015911	0.786865772376	0.864489067077	0.859183086517	0.860439888856	0.803621823411	0.93173135674	0.942942549013	0.917366105946	0.899692741909	0.899692741909	0.939342587221	0.930343770119	0.888912287128	0.866069067806	0.865911839497	0.865911839497	0.955608295815	0.955608295815	0.662143150493	0.816872110106	0.816872110106	0.85813840095	0.949348964642	0.816872110106	0.949348964642	0.955608295815	0.955608295815	0.955608295815	0.955608295815	0.955608295815	0.962306403228	0.962306403228	0.962306403228	0.962306403228	0.962306403228	0.962306403228	0.962306403228	0.962306403228	0.962306403228	0.962306403228	0.962306403228	0.962306403228	0.962306403228	0.962306403228	0.962306403228	0.962306403228	0.962306403228	0.962306403228	0.962306403228	0.962306403228	0.962306403228	0.962306403228	0.962306403228	0.962306403228	0.962306403228	0.962306403228	0.962306403228	0.962306403228	0.962306403228
Haemophilus_parainfluenzae_parC_conferring_resistance_to_fluoroquinolones__Haemophilus_parainfluenzae_	0.801276405835	0.803547146167	0.802446001231	0.744388373152	0.800396953873	0.808507103769	0.744388373152	0.680136991272	0.744388373152	0.415398472954	0.514241616087	0.709386545733	0.694327121524	0.0	0.732508507938	0.812151037008	0.769855634416	0.541469922136	0.867874931267	0.7089359994	0.827299442364	0.812799613109	0.919404409553	0.328631661988	0.875689439729	0.9783690458	0.79379942179	0.9783690458	0.748678050273	0.787264612157	0.84749575406	0.787109100326	0.947748292512	0.947748292512	0.952853637038	0.952853637038	0.952853637038	0.952853637038	0.957711702266	0.957711702266	0.824808067613	0.962306403228	0.962306403228	0.696127437394	0.696127437394	0.654783195596	0.970993901747	0.970993901747	0.723655053782	0.970993901747	0.970993901747	0.970993901747	0.974550998085	0.974550998085	0.974550998085	0.974550998085	0.974550998085	0.9783690458	0.9783690458	0.9783690458	0.9783690458	0.9783690458	0.9783690458	0.9783690458	0.9783690458	0.9783690458	0.9783690458	0.9783690458	0.9783690458	0.9783690458	0.9783690458	0.9783690458	0.9783690458	0.9783690458	0.9783690458	0.9783690458	0.9783690458	0.9783690458	0.9783690458	0.9783690458	0.9783690458	0.9783690458	0.9783690458	0.9783690458	0.9783690458	0.9783690458
Streptococcus_mitis_CdsA_with_mutation_conferring_daptomycin_resistance__Streptococcus_oralis_	0.828648560997	0.790473729339	0.803684103639	0.831871326825	0.834288035749	0.891664674732	0.790366011688	0.873841988058	0.857710720127	0.615429783524	0.920244144345	0.866211191088	0.945803076912	0.732508507938	0.0	0.813652321167	0.873855906588	0.907890125781	0.84003796465	0.826580041413	0.847531773833	0.867737855326	0.881538095573	0.732508507938	0.869943843396	0.871184443351	0.872571551178	0.871184443351	0.865174533074	0.880653341239	0.906185429855	0.889570988972	0.913165642431	0.913165642431	0.951868129805	0.872415671886	0.872415671886	0.917212199719	0.930392465121	0.885979804912	0.885979804912	0.898711063659	0.898711063659	0.790096440667	0.790096440667	0.942381756817	0.922299675556	0.922299675556	0.922299675556	0.870913731283	0.799084035123	0.85249878397	0.932026813096	0.851864123239	0.932026813096	0.872415396446	0.932026813096	0.787109100326	0.942381756817	0.942381756817	0.942381756817	0.942381756817	0.942381756817	0.942381756817	0.942381756817	0.942381756817	0.942381756817	0.942381756817	0.942381756817	0.942381756817	0.942381756817	0.942381756817	0.942381756817	0.942381756817	0.942381756817	0.942381756817	0.942381756817	0.942381756817	0.942381756817	0.942381756817	0.942381756817	0.942381756817	0.942381756817	0.942381756817	0.942381756817	0.871184443351
msbA__Escherichia_coli_str__K-12_substr__MG1655_	0.748815043449	0.757145112353	0.89891704408	0.785103766867	0.875620674354	0.632785580564	0.858681263815	0.854057243876	0.872388017801	0.847049423473	0.817521529344	0.858169240023	0.916430079389	0.812151037008	0.813652321167	0.0	0.596039134492	0.87664365265	0.620695933732	0.932222427552	0.518425391911	0.551794616335	0.730718520272	0.829601408278	0.705130534852	0.8611983534	0.872028534206	0.812151037008	0.756984234746	0.79179994387	0.763261337924	0.763261337924	0.750105422192	0.596359964781	0.822702174812	0.694507611769	0.734304972407	0.798878428601	0.751801342734	0.749724858648	0.71779527812	0.811278512013	0.811278512013	0.822419205433	0.822419205433	0.729633881452	0.688379926529	0.688379926529	0.649028311354	0.71524312451	0.739805736335	0.739805736335	0.723418790887	0.753398399927	0.764728713147	0.753398399927	0.734749104107	0.812151037008	0.760144283929	0.729633881452	0.729633881452	0.729633881452	0.729633881452	0.747084252722	0.729633881452	0.729633881452	0.760144283929	0.729633881452	0.729633881452	0.747084252722	0.760144283929	0.760144283929	0.729633881452	0.729633881452	0.729633881452	0.729633881452	0.729633881452	0.729633881452	0.729633881452	0.78164063453	0.729633881452	0.729633881452	0.729633881452	0.729633881452	0.729633881452	0.794700665738
oqxB__Escherichia_coli_	0.804944209544	0.747547958604	0.872388017801	0.858681263815	0.876282479186	0.688950034858	0.929492106715	0.861982884986	0.937584179428	0.807280024741	0.855177716825	0.84204402625	0.916430079389	0.769855634416	0.873855906588	0.596039134492	0.0	0.900224018541	0.748298554873	0.849195050897	0.448947122086	0.594550732424	0.807788242839	0.760144283929	0.647509280255	0.84374798213	0.821603204119	0.84374798213	0.823848741173	0.770125206595	0.730836529956	0.672550203377	0.835479603417	0.773114440251	0.766707921118	0.721270898389	0.761068259028	0.736292163472	0.712292200007	0.769574061795	0.76749757771	0.848934699494	0.848934699494	0.822419205433	0.822419205433	0.787306005686	0.713631125292	0.713631125292	0.713631125292	0.70608178369	0.777089146607	0.777089146607	0.743174248049	0.779867893839	0.788293037781	0.779867893839	0.716704754136	0.829601408278	0.787306005686	0.777594655199	0.777594655199	0.777594655199	0.777594655199	0.777594655199	0.777594655199	0.777594655199	0.760144283929	0.777594655199	0.777594655199	0.777594655199	0.787306005686	0.787306005686	0.777594655199	0.777594655199	0.777594655199	0.777594655199	0.777594655199	0.777594655199	0.777594655199	0.812151037008	0.777594655199	0.777594655199	0.777594655199	0.777594655199	0.777594655199	0.812151037008
tetO__Campylobacter_jejuni_	0.760520254509	0.891817923827	0.82722538835	0.77806763427	0.928133598744	0.703120654413	0.605513444261	0.823187542438	0.843994442069	0.738790462481	0.866069067806	0.75847669722	0.799518482116	0.541469922136	0.907890125781	0.87664365265	0.900224018541	0.0	0.891295368558	0.755999674429	0.862195424717	0.93525105985	0.87499479497	0.571849878985	0.9220743009	0.957711702266	0.907035948917	0.957711702266	0.708414819479	0.833452713362	0.823972716211	0.886067021193	0.921157392989	0.931740162194	0.907087446932	0.907087446932	0.907087446932	0.930001308715	0.923093064995	0.916814309718	0.851054484727	0.925979041027	0.925979041027	0.854091856849	0.854091856849	0.824808067613	0.943129711197	0.943129711197	0.843658154226	0.943129711197	0.943129711197	0.8589947799	0.950178034187	0.950178034187	0.854091856849	0.950178034187	0.950178034187	0.957711702266	0.957711702266	0.957711702266	0.957711702266	0.957711702266	0.957711702266	0.957711702266	0.957711702266	0.957711702266	0.957711702266	0.957711702266	0.957711702266	0.957711702266	0.957711702266	0.957711702266	0.957711702266	0.957711702266	0.957711702266	0.957711702266	0.957711702266	0.957711702266	0.957711702266	0.957711702266	0.957711702266	0.957711702266	0.957711702266	0.957711702266	0.957711702266	0.957711702266
Escherichia_coli_gyrB_conferring_resistance_to_aminocoumarin__Escherichia_coli_str__K-12_substr__W3110_	0.706396365177	0.748131663452	0.781069971571	0.843636723304	0.797439368868	0.699321265147	0.798511513592	0.77246357486	0.800751521297	0.885611041798	0.90338153027	0.864748311879	0.893561751225	0.867874931267	0.84003796465	0.620695933732	0.748298554873	0.891295368558	0.0	0.856251286646	0.542808272999	0.53474779721	0.619805871577	0.815533396466	0.718499448383	0.849831546472	0.862110725505	0.849831546472	0.869268561111	0.79070957478	0.787312642468	0.860547270734	0.686870173659	0.647127631714	0.771598090016	0.822834206306	0.822834206306	0.828279609426	0.681435967117	0.808000129941	0.746624617703	0.847252296042	0.847252296042	0.777152142245	0.810615313035	0.780078055432	0.703899491884	0.703899491884	0.742165772178	0.786176852155	0.82017348867	0.82017348867	0.734446574449	0.819326767465	0.785863596675	0.819326767465	0.734446574449	0.811259792424	0.780078055432	0.82930317722	0.82930317722	0.82930317722	0.82930317722	0.821301162376	0.82930317722	0.82930317722	0.738489452264	0.82930317722	0.82930317722	0.821301162376	0.77003668548	0.780078055432	0.82930317722	0.82930317722	0.82930317722	0.82930317722	0.82930317722	0.82930317722	0.82930317722	0.821301162376	0.82930317722	0.82930317722	0.82930317722	0.82930317722	0.82930317722	0.762034670637
patB__Streptococcus_pneumoniae_TIGR4_	0.692720384523	0.76842810779	0.817157335278	0.69866552531	0.833144409063	0.763071103284	0.552271418933	0.858245862004	0.645402065175	0.561189547309	0.838153239427	0.629305977572	0.751404248686	0.7089359994	0.826580041413	0.932222427552	0.849195050897	0.755999674429	0.856251286646	0.0	0.922388032752	0.874285843552	0.90646801209	0.799546574902	0.898061291743	0.744258558622	0.703788025393	0.853595436335	0.851650023669	0.876230397342	0.912879711557	0.967861169987	0.88858432959	0.88858432959	0.893544379649	0.910028596928	0.910028596928	0.893544379649	0.90673892175	0.911072541491	0.928374379204	0.902931001245	0.902931001245	0.875375614519	0.875375614519	0.787264612157	0.87268526606	0.87268526606	0.855529019947	0.87268526606	0.855529019947	0.918569168941	0.928803056433	0.928803056433	0.928803056433	0.928803056433	0.928803056433	0.853595436335	0.939680215057	0.939680215057	0.939680215057	0.939680215057	0.939680215057	0.939680215057	0.939680215057	0.939680215057	0.939680215057	0.939680215057	0.939680215057	0.939680215057	0.939680215057	0.939680215057	0.939680215057	0.939680215057	0.939680215057	0.939680215057	0.939680215057	0.939680215057	0.939680215057	0.939680215057	0.939680215057	0.939680215057	0.939680215057	0.939680215057	0.939680215057	0.939680215057
CRP__Escherichia_coli_str__K-12_substr__W3110_	0.773468673156	0.692384284351	0.782811320205	0.806894085822	0.854633775336	0.53667139434	0.850968321418	0.790177199855	0.833435992975	0.860564099315	0.888365387104	0.822730670956	0.857957166433	0.827299442364	0.847531773833	0.518425391911	0.448947122086	0.862195424717	0.542808272999	0.922388032752	0.0	0.400465901092	0.667108292204	0.716998303262	0.596395753565	0.851097775116	0.92316728354	0.86962269412	0.773181628023	0.710412434019	0.68431487796	0.64464369923	0.683445699585	0.732212827487	0.770609443412	0.751946201743	0.693751989958	0.667450247931	0.717080624962	0.744564217113	0.672934265177	0.792864650925	0.792864650925	0.844492687895	0.844492687895	0.755683952748	0.695997286976	0.695997286976	0.687983076874	0.737268462794	0.776555977363	0.776555977363	0.727359597138	0.773418659671	0.782362601705	0.773418659671	0.727359597138	0.808774523359	0.774208871753	0.763899521974	0.763899521974	0.763899521974	0.763899521974	0.763899521974	0.763899521974	0.763899521974	0.755683952748	0.763899521974	0.763899521974	0.763899521974	0.763899521974	0.774208871753	0.763899521974	0.763899521974	0.763899521974	0.763899521974	0.763899521974	0.763899521974	0.763899521974	0.808774523359	0.763899521974	0.763899521974	0.763899521974	0.763899521974	0.763899521974	0.819083873138
bacA__Escherichia_coli_str__K-12_substr__MG1655_	0.81324512929	0.771222806051	0.867362692467	0.828325540416	0.892566535247	0.690131032212	0.887103904339	0.896845732374	0.884263213089	0.858054502268	0.912929457829	0.91655206942	0.881290094099	0.812799613109	0.867737855326	0.551794616335	0.594550732424	0.93525105985	0.53474779721	0.874285843552	0.400465901092	0.0	0.739581231626	0.812799613109	0.641380384841	0.852064218748	0.875729033325	0.919404409553	0.888017992928	0.78209114236	0.776855163327	0.760950921364	0.582835659026	0.739833874412	0.839037679137	0.663212690216	0.786834590725	0.7588982098	0.654948655981	0.76976089731	0.76976089731	0.823502095372	0.823502095372	0.848554699122	0.848554699122	0.740499843886	0.661807912601	0.661807912601	0.718011800652	0.772343105412	0.81617926226	0.81617926226	0.693344904189	0.816703331876	0.765568832418	0.816703331876	0.756069029272	0.801849542873	0.751449914122	0.812799613109	0.812799613109	0.812799613109	0.812799613109	0.812799613109	0.812799613109	0.812799613109	0.793123380509	0.812799613109	0.812799613109	0.812799613109	0.740499843886	0.751449914122	0.812799613109	0.812799613109	0.812799613109	0.812799613109	0.812799613109	0.812799613109	0.812799613109	0.871740451348	0.812799613109	0.812799613109	0.812799613109	0.812799613109	0.812799613109	0.863014288983
Escherichia_coli_PtsI_with_mutation_conferring_resistance_to_fosfomycin__Escherichia_coli_str__K-12_substr__MC4100_	0.811422436132	0.701629954824	0.815711128995	0.87364624863	0.862703217138	0.754867805203	0.85018615734	0.747768992682	0.85018615734	0.904624738107	0.905248535954	0.857522719568	0.867108335997	0.919404409553	0.881538095573	0.730718520272	0.807788242839	0.87499479497	0.619805871577	0.90646801209	0.667108292204	0.739581231626	0.0	0.919404409553	0.732631242238	0.852064218748	0.920738827429	0.871740451348	0.836164880675	0.866191373107	0.845830213085	0.933372263302	0.723475813624	0.669513797113	0.697087259546	0.604149461784	0.693896792963	0.831708256314	0.76976089731	0.68414033837	0.850311901852	0.621272527741	0.621272527741	0.756069029272	0.799633091016	0.793123380509	0.650360405008	0.650360405008	0.709499511771	0.709499511771	0.748535044688	0.748535044688	0.680569366357	0.756069029272	0.765568832418	0.756069029272	0.702844707335	0.793123380509	0.740499843886	0.720823611286	0.720823611286	0.720823611286	0.720823611286	0.740499843886	0.720823611286	0.720823611286	0.714823885712	0.720823611286	0.720823611286	0.740499843886	0.740499843886	0.751449914122	0.720823611286	0.720823611286	0.720823611286	0.720823611286	0.720823611286	0.720823611286	0.720823611286	0.793123380509	0.720823611286	0.720823611286	0.720823611286	0.720823611286	0.720823611286	0.740499843886
tet(B)__Gram-negative_bacterium_TC71_	0.801276405835	0.810695221615	0.71909716124	0.744388373152	0.724393206342	0.801276405835	0.763769763516	0.7089359994	0.744388373152	0.415398472954	0.662143150493	0.724393206342	0.694327121524	0.328631661988	0.732508507938	0.829601408278	0.760144283929	0.571849878985	0.815533396466	0.799546574902	0.716998303262	0.812799613109	0.919404409553	0.0	0.85515566001	0.9783690458	0.79379942179	0.9783690458	0.787264612157	0.787264612157	0.84749575406	0.787109100326	0.847714681772	0.861273905665	0.952853637038	0.952853637038	0.952853637038	0.846861357265	0.824808067613	0.957711702266	0.844536853919	0.962306403228	0.962306403228	0.696127437394	0.696127437394	0.9783690458	0.970993901747	0.970993901747	0.970993901747	0.970993901747	0.970993901747	0.970993901747	0.974550998085	0.974550998085	0.974550998085	0.974550998085	0.974550998085	0.9783690458	0.9783690458	0.9783690458	0.9783690458	0.9783690458	0.9783690458	0.9783690458	0.9783690458	0.9783690458	0.9783690458	0.9783690458	0.9783690458	0.9783690458	0.9783690458	0.9783690458	0.9783690458	0.9783690458	0.9783690458	0.9783690458	0.9783690458	0.9783690458	0.9783690458	0.9783690458	0.9783690458	0.9783690458	0.9783690458	0.9783690458	0.9783690458	0.9783690458
emrR__Escherichia_coli_str__K-12_substr__MG1655_	0.792056663154	0.825323621769	0.84294172237	0.87891927215	0.872694297932	0.769209737594	0.923715369024	0.888932973542	0.87891927215	0.917996976818	0.922658575147	0.877892439676	0.936940081912	0.875689439729	0.869943843396	0.705130534852	0.647509280255	0.9220743009	0.718499448383	0.898061291743	0.596395753565	0.641380384841	0.732631242238	0.85515566001	0.0	0.85515566001	0.887722861844	0.930606462263	0.771391839563	0.648489336652	0.727651272163	0.913852697002	0.768662101372	0.684358651487	0.904643349079	0.819133522003	0.865962911711	0.772304132294	0.86411237384	0.766245103595	0.71197368631	0.874554988348	0.874554988348	0.742067378629	0.742067378629	0.72919007662	0.760953171885	0.760953171885	0.688502087089	0.740123469758	0.782814479975	0.782814479975	0.666647655563	0.807076443428	0.816990275468	0.807076443428	0.749466442133	0.875689439729	0.797857225079	0.761955760638	0.761955760638	0.761955760638	0.761955760638	0.797857225079	0.761955760638	0.761955760638	0.761955760638	0.761955760638	0.761955760638	0.797857225079	0.839787975288	0.809284531042	0.761955760638	0.761955760638	0.761955760638	0.761955760638	0.761955760638	0.761955760638	0.761955760638	0.85515566001	0.761955760638	0.761955760638	0.761955760638	0.761955760638	0.761955760638	0.85515566001
lsaC__Streptococcus_agalactiae_	0.828166576662	0.803547146167	0.821827391595	0.813231988064	0.735552057228	0.801276405835	0.849395729822	0.853595436335	0.813231988064	0.696127437394	0.839950059035	0.854023842618	0.839950059035	0.9783690458	0.871184443351	0.8611983534	0.84374798213	0.957711702266	0.849831546472	0.744258558622	0.851097775116	0.852064218748	0.852064218748	0.9783690458	0.85515566001	0.0	0.87638184858	0.9783690458	0.939680215057	0.853595436335	0.84749575406	0.942381756817	0.861273905665	0.847714681772	0.952853637038	0.952853637038	0.952853637038	0.952853637038	0.957711702266	0.957711702266	0.844536853919	0.962306403228	0.962306403228	0.974550998085	0.974550998085	0.9783690458	0.970993901747	0.970993901747	0.970993901747	0.970993901747	0.970993901747	0.970993901747	0.696127437394	0.974550998085	0.974550998085	0.974550998085	0.974550998085	0.9783690458	0.9783690458	0.9783690458	0.9783690458	0.9783690458	0.9783690458	0.9783690458	0.9783690458	0.9783690458	0.654783195596	0.9783690458	0.9783690458	0.9783690458	0.9783690458	0.9783690458	0.9783690458	0.9783690458	0.9783690458	0.9783690458	0.9783690458	0.9783690458	0.9783690458	0.9783690458	0.9783690458	0.9783690458	0.9783690458	0.9783690458	0.9783690458	0.9783690458
mel__Bacteria_	0.745099431088	0.829518147277	0.835930189305	0.702624127023	0.855676469016	0.765431885226	0.776814366342	0.755930586272	0.725717925572	0.656292738639	0.874423571366	0.722400794041	0.754423015911	0.79379942179	0.872571551178	0.872028534206	0.821603204119	0.907035948917	0.862110725505	0.703788025393	0.92316728354	0.875729033325	0.920738827429	0.79379942179	0.887722861844	0.87638184858	0.0	0.79379942179	0.8844256066	0.776979729562	0.907683849645	0.882892794973	0.8832158502	0.8832158502	0.935907551063	0.884892218624	0.884892218624	0.900705776919	0.915766822999	0.886875871146	0.880777138639	0.879683183225	0.879683183225	0.805034397753	0.805034397753	0.85521022849	0.854309733845	0.854309733845	0.912770200683	0.854309733845	0.854309733845	0.870767979539	0.923779287583	0.923779287583	0.874655722515	0.923779287583	0.874655722515	0.87638184858	0.9354601436	0.9354601436	0.9354601436	0.9354601436	0.9354601436	0.9354601436	0.9354601436	0.9354601436	0.87638184858	0.9354601436	0.9354601436	0.9354601436	0.9354601436	0.9354601436	0.9354601436	0.9354601436	0.9354601436	0.9354601436	0.9354601436	0.9354601436	0.9354601436	0.9354601436	0.9354601436	0.9354601436	0.9354601436	0.9354601436	0.9354601436	0.87638184858
